  Observation DeliveryTime CaseNumbers Distance
1           1        16.68           7      560
2           2        11.50           3      220
3           3        12.03           3      340
4           4        14.88           4       80
5           5        13.75           6      150
6           6        18.11           7      330

Call:
lm(formula = DeliveryTime ~ CaseNumbers + Distance, data = df)

Residuals:
    Min      1Q  Median      3Q     Max 
-5.7880 -0.6629  0.4364  1.1566  7.4197 

Coefficients:
            Estimate Std. Error t value Pr(>|t|)    
(Intercept) 2.341231   1.096730   2.135 0.044170 *  
CaseNumbers 1.615907   0.170735   9.464 3.25e-09 ***
Distance    0.014385   0.003613   3.981 0.000631 ***
---
Signif. codes:  0 ‘***’ 0.001 ‘**’ 0.01 ‘*’ 0.05 ‘.’ 0.1 ‘ ’ 1

Residual standard error: 3.259 on 22 degrees of freedom
Multiple R-squared:  0.9596,	Adjusted R-squared:  0.9559 
F-statistic: 261.2 on 2 and 22 DF,  p-value: 4.687e-16

           [,1]
[1,] 2.34123115
[2,] 1.61590721
[3,] 0.01438483
(Intercept) CaseNumbers    Distance 
 2.34123115  1.61590721  0.01438483 
            [,1]
 [1,] -5.0280843
 [2,]  1.1463854
 [3,] -0.0497937
 [4,]  4.9243539
 [5,] -0.4443983
 [6,] -0.2895743
 [7,]  0.8446235
 [8,]  1.1566049
 [9,]  7.4197062
[10,]  2.3764129
[11,]  2.2374930
[12,] -0.5930409
[13,]  1.0270093
[14,]  1.0675359
[15,]  0.6712018
[16,] -0.6629284
[17,]  0.4363603
[18,]  3.4486213
[19,]  1.7931935
[20,] -5.7879699
[21,] -2.6141789
[22,] -3.6865279
[23,] -4.6075679
[24,] -4.5728535
[25,] -0.2125839
         1          2          3          4          5          6          7          8          9         10         11 
-5.0280843  1.1463854 -0.0497937  4.9243539 -0.4443983 -0.2895743  0.8446235  1.1566049  7.4197062  2.3764129  2.2374930 
        12         13         14         15         16         17         18         19         20         21         22 
-0.5930409  1.0270093  1.0675359  0.6712018 -0.6629284  0.4363603  3.4486213  1.7931935 -5.7879699 -2.6141789 -3.6865279 
        23         24         25 
-4.6075679 -4.5728535 -0.2125839 
             [,1]
 [1,] -1.54260631
 [2,]  0.35170879
 [3,] -0.01527661
 [4,]  1.51078203
 [5,] -0.13634053
 [6,] -0.08884082
 [7,]  0.25912883
 [8,]  0.35484408
 [9,]  2.27635117
[10,]  0.72907878
[11,]  0.68645843
[12,] -0.18194377
[13,]  0.31508443
[14,]  0.32751789
[15,]  0.20592338
[16,] -0.20338513
[17,]  0.13387449
[18,]  1.05803019
[19,]  0.55014821
[20,] -1.77573772
[21,] -0.80202492
[22,] -1.13101946
[23,] -1.41359270
[24,] -1.40294240
[25,] -0.06522033
          1           2           3           4           5           6           7           8           9          10 
-1.62767993  0.36484267 -0.01609165  1.57972040 -0.14176094 -0.09080847  0.27042496  0.36672118  3.21376278  0.81325432 
         11          12          13          14          15          16          17          18          19          20 
 0.71807970 -0.19325733  0.32517935  0.34113547  0.21029137 -0.22270023  0.13803929  1.11295196  0.57876634 -1.87354643 
         21          22          23          24          25 
-0.87784258 -1.44999541 -1.44368977 -1.49605875 -0.06750861 
             [,1]
 [1,] -1.62767993
 [2,]  0.36484267
 [3,] -0.01609165
 [4,]  1.57972040
 [5,] -0.14176094
 [6,] -0.09080847
 [7,]  0.27042496
 [8,]  0.36672118
 [9,]  3.21376278
[10,]  0.81325432
[11,]  0.71807970
[12,] -0.19325733
[13,]  0.32517935
[14,]  0.34113547
[15,]  0.21029137
[16,] -0.22270023
[17,]  0.13803929
[18,]  1.11295196
[19,]  0.57876634
[20,] -1.87354643
[21,] -0.87784258
[22,] -1.44999541
[23,] -1.44368977
[24,] -1.49605875
[25,] -0.06750861
          1           2           3           4           5           6           7           8           9          10 
-1.69562881  0.35753764 -0.01572177  1.63916491 -0.13856493 -0.08873728  0.26464769  0.35938983  4.31078012  0.80677584 
         11          12          13          14          15          16          17          18          19          20 
 0.70993906 -0.18897451  0.31846924  0.33417725  0.20566324 -0.21782566  0.13492400  1.11933065  0.56981420 -1.99667657 
         21          22          23          24          25 
-0.87308697 -1.48962473 -1.48246718 -1.54221512 -0.06596332 
             [,1]
 [1,] -5.59796734
 [2,]  1.23360321
 [3,] -0.05524867
 [4,]  5.38401290
 [5,] -0.48043610
 [6,] -0.30254339
 [7,]  0.91986749
 [8,]  1.23532680
 [9,] 14.78889824
[10,]  2.95682585
[11,]  2.44837821
[12,] -0.66908638
[13,]  1.09387183
[14,]  1.15815364
[15,]  0.69997845
[16,] -0.79482144
[17,]  0.46393280
[18,]  3.81594602
[19,]  1.98460588
[20,] -6.44313971
[21,] -3.13179171
[22,] -6.05913500
[23,] -4.80585779
[24,] -5.20001871
[25,] -0.22776283
          1           2           3           4           5           6           7           8           9          10 
-1.69562881  0.35753764 -0.01572177  1.63916491 -0.13856493 -0.08873728  0.26464769  0.35938983  4.31078012  0.80677584 
         11          12          13          14          15          16          17          18          19          20 
 0.70993906 -0.18897451  0.31846924  0.33417725  0.20566324 -0.21782566  0.13492400  1.11933065  0.56981420 -1.99667657 
         21          22          23          24          25 
-0.87308697 -1.48962473 -1.48246718 -1.54221512 -0.06596332 
           [,1]
 [1,] 21.708084
 [2,] 10.353615
 [3,] 12.079794
 [4,]  9.955646
 [5,] 14.194398
 [6,] 18.399574
 [7,]  7.155376
 [8,] 16.673395
 [9,] 71.820294
[10,] 19.123587
[11,] 38.092507
[12,] 21.593041
[13,] 12.472991
[14,] 18.682464
[15,] 23.328798
[16,] 29.662928
[17,] 14.913640
[18,] 15.551379
[19,]  7.706807
[20,] 40.887970
[21,] 20.514179
[22,] 56.006528
[23,] 23.357568
[24,] 24.402854
[25,] 10.962584
        1         2         3         4         5         6         7         8         9        10        11        12 
21.708084 10.353615 12.079794  9.955646 14.194398 18.399574  7.155376 16.673395 71.820294 19.123587 38.092507 21.593041 
       13        14        15        16        17        18        19        20        21        22        23        24 
12.472991 18.682464 23.328798 29.662928 14.913640 15.551379  7.706807 40.887970 20.514179 56.006528 23.357568 24.402854 
       25 
10.962584 
             [,1]
 [1,] -1.62767993
 [2,]  0.36484267
 [3,] -0.01609165
 [4,]  1.57972040
 [5,] -0.14176094
 [6,] -0.09080847
 [7,]  0.27042496
 [8,]  0.36672118
 [9,]  3.21376278
[10,]  0.81325432
[11,]  0.71807970
[12,] -0.19325733
[13,]  0.32517935
[14,]  0.34113547
[15,]  0.21029137
[16,] -0.22270023
[17,]  0.13803929
[18,]  1.11295196
[19,]  0.57876634
[20,] -1.87354643
[21,] -0.87784258
[22,] -1.44999541
[23,] -1.44368977
[24,] -1.49605875
[25,] -0.06750861
          1           2           3           4           5           6           7           8           9          10 
-1.69562881  0.35753764 -0.01572177  1.63916491 -0.13856493 -0.08873728  0.26464769  0.35938983  4.31078012  0.80677584 
         11          12          13          14          15          16          17          18          19          20 
 0.70993906 -0.18897451  0.31846924  0.33417725  0.20566324 -0.21782566  0.13492400  1.11933065  0.56981420 -1.99667657 
         21          22          23          24          25 
-0.87308697 -1.48962473 -1.48246718 -1.54221512 -0.06596332 
